1137
6275
5216
5671
8656
1334
1825
3257
1923
6183
7131
6762
0005
3670
7582
6399
4593
4176
4725
6334
7147
5624
3555
6505
1045
7955
3048
6928
0850
0938
7168
0497
9941
8081
4165
4571
1655
2996
6160
6302
1077
7067
3801
8697
7853
8404
5705
1947
1576
8674
4388
7403
1845
8584
2555
6047
2699
1839
2707
3621
5325
9244
3974
1760
0799
4144
5664
2381
2523
0251
1787
9441
8255
1783
4398
0112
2592
6725
7924
4481
6089
1858
3792
6852
3722
0555
8858
8687
7340
9549
1262
6981
3026
0269
7112
5675
9456
1956
9465
2712
7519
2204
4522
7143
4931
0213
7015
3315
9635
9459
5070
8096
1396
7814
7870
7445
2739
9977
1402
9978
7368
2101
8927
9661
2252
1080
9011
0651
3589
1491
0293
0152
4682
2174
0693
4256
6720
1016
0205
1545
5676
9877
0492
4727
9343
4899
1762
6940
3923
1807
4657
7482
4830
9082
5730
1771
2075
0017
8247
0425
8066
4364
8354
6780
4985
5755
7309
9524
4558
1204
6098
2183
7567
4927
5823
0157
0372
1330
2394
0478
4814
7566
8370
8328
1526
8044
4546
0747
3725
7620
5217
2464
5010
3873
6586
4741
6333
8662
4290
5454
8839
5661
2509
0439
1605
8676
3086
2977
3303
7291
8074
6615
7347
4847
5107
8862
4271
5155
2895
3061
0010
6420
3316
4524
3696
9045
4280
5814
7663
6220
9018
5038
6804
4687
7693
1335
0318
8141
7535
4703
9883
5090
5401
1225
6751
5706
2755
3868
2793
2462
5048
7979
2289
5548
1236
2877
3246
1438
4139
5560
4559
3708
7771
4746
4552
4952
4998
6891
1669
0232
0755
4632
6938
3665
2913
7998
6886
8026
8350
7072
4013
0722
8797
5430
3767
5622
0268
7579
2997
2334
8750
4369
0879
6224
4869
7259
3961
2431
0542
0089
7498
1756
7907
6475
3445
0564
6781
7353
3419
0334
6067
9110
3528
8083
7369
5737
1240
2984
1285
1088
8874
2999
3703
3088
1697
3158
5733
9366
6045
0618
3689
1276
2399
7611
3001
0371
6961
7134
1140
1428
1233
6409
7956
4759
0160
0849
3415
6216
3239
7348
2069
6227
8030
6582
8631
5630
0694
5939
7765
4129
0672
9874
2932
9155
7643
7645
1505
7709
2175
3556
1884
9417
4986
3112
2293
4122
0994
1774
7377
4182
8566
8939
6429
1251
5538
4488
2315
6926
5431
4189
3385
3021
4920
6726
4776
1039
0871
1625
9312
5761
9854
6479
1202
0779
1967
6390
3046
9764
8301
0630
8331
9810
1148
4795
2737
1507
2340
8902
6369
6862
0339
2244
4128
5268
2525
6796
2292
5801
9108
4238
2065
1366
8431
2128
8547
6903
7821
5171
2082
7250
9494
0023
4192
6347
6658
9315
4260
3881
5650
4145
8197
9420
0249
2026
8043
7876
5415
0880
3491
4827
7064
6352
4363
9987
9194
2508
9474
3714
0452
4859
6758
1997
4320
5584
2826
2641
3029
4629
2321
5475
1478
1274
0111
0244
8591
1224
4390
1031
1600
2787
3983
2049
1938
7383
9285
3513
8249
7896
9588
6963
6278
1581
2404
4433
1395
4177
8938
7188
1717
2637
8765
9579
8965
8432
1973
9023
9937
5121
6569
6550
4577
8263
5570
3834
5062
7957
4350
6395
8766
0011
4781
5649
5501
5283
4116
9138
2727
4387
8726
8400
4588
0057
7811
4038
8134
2623
9410
4528
3044
6897
1809
9965
4187
4594
6671
5608
9491
7669
1000
9999
8883
0204
6482
3227
0834
7561
9392
1099
3060
6642
8960
7005
7485
2424
9000
9164
0619
3218
1488
0499
7696
3409
2170
9029
6141
1702
0661
4851
3087
6016
8413
7118
5965
3676
1413
8308
9505
5574
8446
4338
6587
7644
9907
6108
5645
6477
4598
1920
9169
7387
6371
8747
3802
6841
2669
5296
7200
8278
6718
8773
3592
3082
9988
1492
5260
2599
3895
6002
5937
3274
8570
3078
3582
8455
2359
5126
7137
1424
5928
4929
8000
2682
0822
3149
8109
7565
8121
3581
7239
9575
4027
5558
9409
0147
6983
7969
4380
2054
3179
7468
6776
4973
9325
3396
8528
1953
1067
7518
4472
9679
9695
6391
6208
8973
8113
2992
4322
2666
1981
0585
0579
3907
1190
6239
9878
6492
3056
5778
5996
1195
4483
0291
3024
4044
2537
3436
4361
1456
8210
6593
9336
1025
8499
4768
1311
9106
2800
4790
6148
3261
4912
4618
0338
8847
4496
4351
2205
7274
9930
2558
4492
6035
8817
8144
0569
1754
3172
5460
3136
4747
6561
3871
5164
9610
6517
7435
1247
8825
1308
7756
9974
8866
8947
9365
1327
8798
9763
9799
1991
2227
4966
6907
8069
1511
2711
6746
5521
3825
5892
6038
0550
6701
9701
8097
9928
8168
5351
1061
1098
5133
6190
5967
3783
3809
2614
6020
2890
7440
4654
9207
1417
7782
8727
7869
7632
0187
6590
9123
2034
9770
3251
1178
6546
9871
6596
2794
7950
7917
7540
1293
1516
9859
6094
3656
0448
4772
4041
6884
5005
8556
6709
0136
2714
1952
3743
5962
1222
8603
0572
9373
0836
8205
0881
3040
3989
7940
3058
7285
5885
3376
5201
9734
7257
8714
1853
0547
6386
7019
1475
6927
0007
4764
6263
6627
1569
9086
4079
8273
5457
0161
3897
9030
4294
0434
9272
6439
7510
0846
7480
5567
3100
4355
0258
1793
5045
6555
6435
2875
2020
0364
8274
4286
8806
9431
7819
5577
6679
7139
4149
0224
8635
3153
1610
2497
8458
2200
8062
4412
2369
6205
7655
1347
6076
9484
1836
3299
3101
6354
4744
3496
7370
6676
3151
3999
6041
9461
4562
9398
3162
1517
1686
9914
3260
9926
9371
8530
7214
9856
9651
6483
1420
8119
5601
8702
0765
6091
1998
7098
6775
7954
4077
3053
3408
4047
2458
1533
9308
2985
1552
9538
0380
5585
5921
7016
5627
8911
5392
2907
5235
0279
0026
3842
1907
1749
4645
0786
9426
1798
6258
9786
6697
4509
0075
1518
2741
0668
7874
1391
1752
8992
3444
7824
8135
4811
1679
6585
1902
9626
7392
8791
7467
2345
4662
8549
3896
3694
5358
0405
0877
0771
4109
0587
4340
8823
1234
0241
6147
4086
9003
2822
4183
1018
7906
2635
7573
6854
2007
4761
5522
1027
7790
9976
0198
5964
5413
9952
4774
3574
2538
7358
2520
1360
4196
3536
3730
4352
7299
4470
7817
3497
0884
2299
1635
2904
0790
9361
3326
7338
2952
0744
7292
4597
2266
4059
5643
1081
8918
4438
2494
3263
1727
4994
4117
2194
7554
1254
2634
3939
0818
5666
6819
0286
9476
7146
7105
5394
7039
6196
2470
3492
6012
1573
2648
6576
7725
3699
3073
0781
0287
5360
8002
8338
7193
3855
8507
5609
3434
6888
0432
9415
4519
8888
8243
6712
1696
7003
5806
6570
2015
8045
3478
0999
4537
7837
8130
5758
9743
7952
5340
1940
0442
2436
4615
2420
0369
8842
9980
2573
7746
5552
5086
6416
4229
9817
8271
2055
3498
4638
8480
5803
0206
4003
4736
7155
1664
7962
7126
3970
0348
0044
9585
9062
4311
9156
0774
4223
4833
9862
1373
1859
8223
9830
9892
0937
7744
7698
8279
1108
2696
2452
6872
2117
6303
1079
0546
1806
4861
6931
1012
4188
8427
8721
8307
0343
8856
7522
1114
6410
7873
6954
9936
1640
2945
0392
5222
5581
9863
2857
2480
8136
8448
9433
7729
8555
9109
2423
3847
9249
4377
2892
9468
2479
2185
1665
0510
5960
2102
9211
5856
3355
3335
3059
9512
0188
0013
0460
4473
0141
6132
2843
0737
5383
8285
8303
4840
5485
4892
5353
2896
3328
8778
9154
2046
7240
1903
9008
7679
1090
6955
0078
6583
2323
7530
6197
0128
9305
3919
9703
8158
9344
5267
4304
7863
4135
4583
8502
6201
2179
9439
0389
7218
9747
9190
0494
0085
9252
8010
2576
9633
6562
3826
9139
0137
5516
6552
5542
3042
3456
5942
9071
1729
5117
0876
4787
0576
7081
8116
8351
1950
6890
9043
6393
3893
5447
2081
5869
1447
0820
1323
5443
4845
5731
8459
5668
9533
5336
8945
7047
6817
6816
2004
2425
8512
2726
9852
0531
1493
6107
0838
4022
5897
1759
2596
8009
7900
9270
6909
9540
0509
2510
4928
4305
3741
7508
6280
7773
9682
3311
5029
9067
6885
7113
3633
0987
0367
1038
9694
6123
4225
1547
5281
3249
7722
5886
6787
4348
9797
3152
9954
8782
5563
3894
4115
0000
6473
5982
5021
8919
8373
3262
5611
0133
2859
2906
0705
1999
0031
3401
2941
6979
1253
6218
6692
3678
1985
5790
8435
8796
3110
5265
0578
6795
2059
6533
3637
1489
1794
4495
7236
6385
9644
2954
6466
6011
8722
9061
3378
5881
1007
3832
2734
1583
1445
6601
0593
1057
7787
0482
2232
8028
6716
5203
4043
5453
1734
3729
6448
2474
2804
8900
5911
9590
3879
0980
8853
2767
1146
6306
0600
8452
5396
0712
8216
7836
5612
7305
9230
9910
9245
8190
7077
9756
1439
1497
1312
4866
0863
9766
9800
8510
6083
7862
2281
4028
0048
1785
0738
5227
1331
1015
0431
4756
2586
7405
5744
3527
6229
8389
7880
2248
1811
5471
6055
3838
8957
8469
4688
6249
7964
9789
0074
8038
6277
8684
0609
7941
6932
6331
9281
0604
0804
6177
4474
8903
7049
4065
9297
4671
3241
4712
9016
0719
9879
7594
1580
6065
1658
2164
2230
8126
4580
9215
0183
1194
6125
0243
8548
5644
5691
2841
2901
7538
8618
6332
5350
4963
9168
3697
5635
3774
5935
6996
5176
2063
3113
4485
9613
3913
0901
2430
8604
8417
7078
7439
8522
9265
8781
4898
7268
7014
7799
7883
5054
3196
8571
1851
8922
8296
6892
7638
5083
0527
7379
9947
8414
4114
9422
3951
6086
5681
8479
1901
5212
8394
8159
0701
6366
7042
6158
2966
9073
3773
6285
2658
2657
1086
2100
4365
3911
7094
0387
1498
0700
5059
4394
2247
1615
2213
4745
6948
8006
6320
0816
5653
6053
7504
5315
2290
0262
8463
3677
9499
1544
6772
1601
8310
1634
7885
9438
6833
2178
7279
7459
8627
5429
5572
9267
4055
4401
9534
1764
7739
5887
2786
1354
9518
6858
7881
5889
1119
8632
7035
7970
4971
9516
7840
0711
3224
3953
2088
3296
9563
0424
0227
7548
1411
7675
3938
9793
9680
9007
6121
4133
9721
9818
8739
6921
7985
9894
5629
5125
6349
8012
3611
3005
6765
4092
0535
8132
9389
9990
4625
3692
9316
7534
2887
6834
1342
4574
1302
4463
9584
6607
7559
9849
6846
7770
5037
6142
4943
0441
7402
5626
5834
6621
0292
3609
4938
8855
9612
9681
8506
1739
0296
6163
5680
4517
8011
4126
1611
9176
5507
2152
4447
0212
2288
9340
1017
4330
2975
8706
6049
8371
0919
6188
8027
4312
8661
5295
1596
7966
1480
8403
5060
0978
3740
2167
8608
1978
4992
9490
1869
2883
3590
5863
2192
3067
4954
7329
3558
1160
7490
5400
6956
3235
5909
3322
6783
4491
2827
4497
6703
6380
7141
3514
1162
3050
5405
6292
4900
0809
8202
1504
7712
8047
3426
1934
3643
4024
3521
5802
6336
5578
2922
3115
9705
4462
4652
4923
5185
2791
7425
6626
3499
9735
1587
9057
0450
8841
4455
1553
5693
7454
7350
2222
6139
6989
3541
2744
2511
0096
3441
7084
4837
4060
4172
1873
8963
5808
7551
0028
0045
4195
0934
9273
8990
1179
9991
3520
0597
0401
8822
6684
8738
9520
4328
9795
6779
9269
3900
1656
5860
8122
6707
6237
1170
3242
0833
2645
9535
7750
9242
0936
0164
8977
0420
8177
4864
4052
7428
2898
4991
4639
4011
0905
3120
2617
9436
9972
4722
2878
8890
4779
0742
0511
4846
1314
7223
5387
0690
7213
7850
9195
1483
1928
8470
9730
9591
3915
2485
9060
9904
9369
7993
3886
3648
1441
8039
3500
4378
0524
2395
9593
8219
5735
8779
0123
8590
3245
8050
1871
8682
3588
3613
9917
2963
3432
1530
4389
2118
1628
7949
6389
5439
8952
7070
6078
0776
7009
7802
3036
5614
1824
6511
6681
0325
3090
9628
6212
4480
7581
8418
7011
4048
7020
9832
1400
1503
8887
7823
2210
4887
6622
3195
1838
7145
6935
6090
3937
8476
9015
1524
4230
0035
9423
2134
8723
8572
7275
3569
7795
7882
8056
1023
2308
4922
3899
7521
5922
1472
7692
4550
0314
1410
8333
0780
3080
1741
4950
3624
8640
5628
1667
9901
7036
5114
2560
5883
5963
3752
3852
6865
7507
7524
6970
0354
2937
5684
5926
7651
4710
8276
7743
0327
5689
7820
9707
0964
4110
1757
3823
8807
3870
1513
8262
2813
0988
9236
2358
7449
8771
0238
3969
5766
4069
1677
9117
0757
1353
8327
9393
9183
8036
9440
8147
8339
3510
9260
3647
3853
8953
8617
0692
5639
1963
6122
7199
4592
2215
9689
8265
5905
3439
7046
6469
7130
0750
9984
6704
6960
4758
0940
1980
2316
5245
1338
8769
7989
8225
5896
8679
1703
4259
5158
2604
0220
0004
5742
0411
1970
4437
5195
2632
6396
8465
0783
0016
4622
3047
7349
5576
3358
2779
6934
9850
3717
0172
6920
6207
9355
1606
6225
2792
4091
5914
0591
1126
7918
5290
2173
9080
1028
6127
7107
7676
1458
5899
4202
0209
3052
7951
3420
0638
8173
5513
5746
5304
7737
3865
2386
5361
4146
4227
4584
9480
0927
8092
1971
0941
6060
0006
6949
3772
2294
9896
9092
7207
5751
7144
3413
7371
7731
1643
3297
9778
6643
6549
4329
7132
3848
9329
3977
6364
0675
5753
6680
2307
9580
9601
2868
6342
3908
4125
2888
0566
0637
0413
1878
6187
5616
4810
8818
8406
9047
4142
6036
8091
5406
0158
0961
3575
0812
2135
2427
2704
3308
2633
8140
2011
2865
9777
2768
9939
5420
7600
5978
5039
9776
9048
6313
0753
3449
4097
0453
5341
0444
4404
8376
4603
4164
4807
6253
4178
9835
9722
4278
9063
4456
0311
4281
5474
7587
6167
3356
1800
3646
9414
1909
1881
6602
5231
2261
3617
1778
5205
8893
1139
6044
6604
2651
2455
8597
3264
4567
7053
3955
7304
2385
6855
1599
1343
0984
8569
9295
9574
8261
1557
9724
3107
1722
5771
8844
0731
5221
0759
0974
5318
0643
2740
7117
4870
2700
5180
6109
5421
9963
5409
4890
0474
5791
3619
0751
3877
8772
4675
9321
5940
5496
0322
2254
4019
0733
7375
1187
2605
1421
7286
1546
9395
6661
7589
6145
9920
4274
6368
6530
2921
5499
4158
8683
3199
4235
9872
9851
9885
4820
5403
4095
3490
2014
0202
9405
2863
4306
7108
5378
6217
1976
6542
8257
4705
9124
8954
3668
7703
4679
4431
8872
2171
6757
2235
3973
9657
7707
1835
5571
9288
2581
4219
8100
1582
1988
2706
9502
1936
5365
4466
0861
4376
2968
9552
8971
6699
4581
4984
6519
1979
0841
8878
2575
6577
4417
5355
9148
3305
7841
1046
7007
7607
4460
3043
1860
7357
9840
3231
1828
3994
1659
9587
6623
3804
4568
5286
6922
8508
6281
0556
8962
7208
0090
1249
5035
4467
6729
5368
2747
0374
8094
0421
2132
8595
5111
2421
1751
0559
1284
1261
8932
5131
1617
5672
3168
5432
3533
5279
1123
7057
5720
4009
4500
9713
6951
4726
7861
0397
8357
6437
6965
2589
4471
9115
2271
2947
6341
7930
7398
4789
1945
5385
3948
1171
6777
9470
6092
5760
5113
8567
0895
5049
9498
4283
4185
5559
9280
8537
0607
2980
9479
1074
9517
5135
2456
3309
4743
5862
7178
0191
1041
9350
7738
3354
2955
4631
1989
8540
8421
4216
5348
0282
1118
6301
9968
9187
6745
5956
0503
5654
2191
4076
0037
9421
1941
8630
0843
4147
0653
5912
5041
8657
0303
1721
8060
0320
3185
0233
0309
2673
3416
7171
3472
1927
2970
1958
5173
8619
0920
8669
2070
9258
8913
4934
7980
3006
9143
2785
2593
3546
7897
4511
3819
6856
0525
0598
0735
5783
6102
7287
4893
4156
1687
5888
9256
9714
2346
7894
0567
7027
3924
8064
2360
9056
0777
4489
0329
0315
2788
6346
1111
4783
3525
2093
7797
3568
1744
5218
3661
3347
4464
6199
7801
3929
3986
0242
8200
1621
6115
3459
0139
7409
1460
1477
1241
9515
4886
5058
0361
0221
6254
3394
8802
5663
2403
6994
2849
8788
3750
8266
8436
0207
2927
5243
0986
7891
5380
7927
0760
2380
3422
5481
7293
3072
5895
2272
8034
5993
0124
1419
6598
6337
6831
1319
4501
3002
0674
9606
5704
3477
9982
5620
4427
7157
4244
3975
3943
3813
0626
4659
3764
2961
2165
3164
7972
6032
7899
5564
3397
3390
9300
6432
7631
5013
8462
8411
1942
5893
6152
5736
6360
5776
6958
6407
1974
8453
6471
9239
9331
2496
9332
6750
8998
6309
6988
0803
4683
6411
6215
4553
5014
3683
4788
7827
6235
6918
0117
4508
9773
4586
2765
8162
2482
9054
5276
6773
1819
7339
3889
4421
3603
1852
6326
8407
5723
3884
8184
7496
8577
4104
4450
5930
1006
9523
1648
2527
8751
9598
9345
6413
4090
1535
8174
3545
3684
5917
8322
6512
9676
2150
9640
6997
1731
9577
3787
4269
0070
7099
4333
1002
9934
2549
0310
7628
7775
5906
2024
3840
0995
3438
0605
5175
3653
3357
1036
2893
0815
6510
6365
7335
8845
6033
9275
1715
1597
8302
1087
9521
4672
9112
1063
3565
0107
1565
5132
0870
0264
5878
7635
2731
7868
6013
3324
4917
0190
3956
6206
0171
3383
9809
9388
3601
9132
5708
4301
1030
6813
3860
4988
7079
6169
7812
5302
1387
9174
4436
0519
7354
1711
7400
0681
8588
1164
0038
4627
8207
8129
8195
8258
8930
9140
9221
9683
3644
9607
3835
7384
7438
3576
3247
0217
4282
8886
1369
3455
4707
9437
0099
6379
0305
5590
5063
6556
5416
4569
6283
8708
0530
0040
1637
5792
1943
8720
4668
3875
1842
8515
6868
9068
2891
9996
7254
5363
1290
6663
0386
6418
3446
5902
6179
1769
8583
8467
3734
0084
4838
4393
3022
9891
0248
9161
9772
9324
8728
2518
1799
6459
9617
5193
2355
8983
1159
5312
8398
2129
4843
5163
9357
3320
4276
2823
9370
7232
4212
0429
0805
1893
8484
9841
5510
7466
8837
6768
1708
2339
0935
8014
7302
2356
6034
5830
9935
6120
3876
7997
1256
6100
3487
5871
4368
9940
0214
0829
2413
1184
3391
5272
1877
2693
1359
5388
3655
1595
7718
1206
1085
2591
5018
5213
1961
9039
8422
3563
3737
7702
0079
9581
1897
8226
2201
4381
1288
5961
1322
1668
2484
5866
3669
9623
9492
0860
3118
7477
6405
3437
1397
9967
6689
1096
6624
2031
7204
8157
0826
6943
5989
4016
5867
6574
2719
0470
3890
8612
1340
7397
7258
8284
3232
6976
1673
1435
2432
9664
4138
9171
0854
0588
9691
1795
5266
4093
0670
7822
2972
1534
6026
1589
3028
8325
4566
9044
3292
1433
5275
1058
4131
9118
4023
2554
5017
1509
3186
2471
2674
4784
6665
5269
3982
4803
5550
8104
1775
6252
8212
1813
9656
8191
1742
8921
3223
3237
2597
6194
9804
1510
5174
4711
7361
2695
0428
3751
2037
1223
4416
4266
7943
2541
4409
0513
8171
4698
5679
9210
9900
5874
5056
5094
1847
6350
7345
2216
3076
8189
9658
3066
6668
6953
9206
6068
0083
3350
8737
9979
0228
6111
8037
6186
7243
6135
2373
7595
3649
7129
0800
8813
3148
3756
8149
9794
9189
7234
3888
1692
9602
2190
2487
0679
7470
1591
7065
6465
5615
0828
6774
2371
1896
8560
6375
9093
3236
9434
8563
9457
1913
3721
7557
8783
3535
1291
2176
2208
5716
2911
1242
9880
9745
0151
8378
3957
5250
1317
9597
1629
7306
7683
8931
1185
8535
8688
3552
6029
1003
7469
9911
5763
4451
0641
6840
1996
5386
4108
5052
7324
8717
4800
8300
0300
2300
8057
8198
1152
0491
4344
1084
7267
9510
0438
4257
5080
4609
6363
8267
8950
2079
7396
6274
1789
8969
8928
3918
5410
5491
2262
8222
0691
3023
0792
3256
5685
0379
8586
7351
7919
4933
6304
4507
0473
3039
3615
8744
4441
4771
0819
8882
7602
4697
1440
2756
6723
8633
3159
1738
8843
7741
2233
0298
4910
5106
0516
0743
7460
8401
1555
1416
1684
1059
2085
3869
1122
8015
1451
3529
6042
8734
6700
4341
1735
0294
0892
8908
6728
2273
9175
6031
4000
4796
7415
0633
0200
2685
9418
4213
0126
6630
1382
8347
6062
5972
5115
5745
5104
9820
3109
3234
6719
3796
5271
6455
4356
2850
4214
1502
7761
8095
6203
3604
0373
2313
1882
1619
9257
2564
6022
0562
1647
3183
4532
0636
4809
3602
9715
2408
9655
8138
4010
0592
5779
0528
8388
0640
9134
1300
7195
4871
3093
2344
9214
8460
4831
0725
8209
0981
2326
3618
1520
1306
1837
3435
5903
9055
7197
4247
3585
1868
4262
2866
1613
8228
5595
1804
0002
2797
7273
4865
5402
0723
9259
7865
5263
7543
8483
9897
9971
2774
0603
7608
1479
8966
8323
3864
8647
8032
6003
7360
7664
6782
7140
3133
1289
2574
4658
7406
8402
3123
5949
1024
7219
3516
8562
5807
4717
7614
7052
7920
1661
9769
0127
1181
9090
9576
4221
3506
1283
8293
3468
9744
7803
6789
5466
1693
0149
8972
1089
5759
5817
2039
8233
6195
7912
4349
8315
9201
6628
4975
3271
3991
0436
3673
2569
7878
3489
2852
8366
5493
2771
3138
7686
3686
4162
0659
4692
7580
3291
0932
9144
9466
5425
7093
9372
6272
7323
2886
8511
4310
4293
2221
6238
0832
9346
3700
8375
4585
2180
0558
9278
5944
9761
8408
8832
9141
3519
8616
7525
2757
0827
7660
9219
5812
7777
6801
8409
0749
4981
9145
3300
9208
7682
7652
2051
2044
9404
8025
3540
5001
8787
7366
5697
2089
3313
6682
5971
9637
2182
3784
4292
6014
7928
5278
5486
9758
9732
9116
2389
8203
8805
7316
0144
9293
0082
7726
1269
0925
1198
8889
9493
7024
4300
1803
9224
2257
1855
2914
2639
3135
3230
2561
9271
6305
4808
0878
3217
9570
9489
8718
8516
0680
4143
1753
6153
0059
8166
2008
5172
1707
9857
3917
0259
3187
6499
5064
3966
9317
8944
6384
7684
3912
5299
5091
6566
2095
5519
3972
3075
6378
9532
1662
8275
4829
7210
8377
9541
0410
2884
7658
3000
9696
9673
5057
6993
5707
6131
2535
3266
2441
3947
8362
1211
1772
4540
7431
2027
3892
7796
5858
5854
8494
1103
0223
0465
8395
8466
6739
1933
5118
3749
3753
1593
6592
0370
2052
7808
2778
8321
8231
4486
2775
4666
5449
4407
8221
4482
3369
3628
0967
3771
7311
2950
6673
9158
6185
2619
7278
6743
6457
4750
8288
6269
9543
1461
2498
1446
9561
4858
7045
3065
3440
9736
3150
0806
9017
3365
5437
7202
5087
0398
6487
1930
0842
5076
7513
0915
6906
6640
8575
1922
3501
0140
7163
8551
5594
7571
2350
7404
5097
5089
9292
3035
8733
1180
6838
2869
7774
6806
6721
3768
7121
6113
8857
8527
5555
4034
8780
3386
1142
7751
1040
9528
5818
6930
5390
9289
8905
7893
7266
1812
2967
1231
1264
6454
6785
9385
1776
5646
6664
0890
6702
2310
7321
1320
9135
4428
4816
5709
1392
2521
6805
6889
1964
7238
0049
3976
5851
1585
5241
3349
6866
2812
3333
8461
5600
7410
3942
6073
6480
5811
3176
9556
4897
8649
1050
9416
7762
0704
5804
7654
3789
6565
9583
9824
9600
0418
1351
1332
0332
6417
3925
7687
2357
4572
0447
3814
0868
2298
8526
7961
3283
6463
7086
4081
5077
5484
5372
8295
9844
3071
3406
9098
4527
3560
9222
0677
6990
1166
8660
2212
5809
6946
9672
6069
8229
7153
9184
6649
9944
0996
9001
7201
9629
0898
9720
9458
3243
5152
0345
2946
4270
5864
2629
2084
9915
9042
1324
9957
7088
2457
1282
1260
1147
9130
2743
3228
4468
4752
4738
3010
1054
6793
7166
2784
1626
4719
8543
8456
2934
2962
4224
9133
2929
3375
1255
7755
2154
3207
1104
8743
9445
8653
9918
1459
6408
7944
4888
8428
3537
6266
3688
4733
0972
5764
4253
7720
3658
2764
2773
6883
9107
7609
5303
8561
2003
2978
9748
6538
2115
2211
1423
8692
1135
4903
0042
2071
9866
9504
5657
9050
6105
0135
9463
2516
2396
5781
8993
4996
5130
6629
9070
5941
6917
1216
2820
2375
2351
8600
7151
8445
8061
4619
3996
1083
8784
1175
4057
4872
8652
6524
0947
2532
6836
2864
3173
0698
4071
6686
7987
0455
8474
0523
0612
8625
3017
6536
7517
9605
5036
2936
2141
3849
6192
4372
3794
1009
9296
8051
1073
0317
9483
5743
0908
0376
5787
4021
2387
5976
2956
0143
5242
6794
0333
9233
8208
9501
0193
5857
8613
9725
8206
7025
1127
9282
0069
5322
9876
0954
2309
5244
6653
0385
3068
7416
6778
4647
4876
1055
3596
3566
7730
0807
5455
6526
1182
1501
6571
4964
3548
1710
4570
2763
2993
5220
7185
9753
2157
7639
6104
4222
6161
3169
2507
4175
8982
7493
3945
0966
3277
0979
2343
6316
7160
8767
0378
1378
3723
4960
8151
5599
7585
8713
7550
5506
4004
5575
4070
6744
4411
5332
0732
8101
6428
8699
2943
3114
7647
8764
0621
3240
5954
7060
3738
3212
1916
3933
1682
8361
0673
3393
1266
3739
6535
9471
6279
2445
1183
2917
1623
3728
8976
4246
4949
6357
6600
9178
2398
8741
7833
1888
2504
2076
3524
7356
8811
2488
0506
4249
7026
9038
9522
4742
3634
6807
2126
7656
3885
7825
2329
3180
1213
0469
9113
7925
2415
3534
2660
0823
7512
1609
3711
2991
0678
2302
2916
8478
4510
1571
6072
8124
1193
5933
7515
9645
7055
7763
7484
1630
9865
5167
6460
3744
4374
4798
2860
6397
3140
9234
4211
0893
7269
3523
6811
5810
7044
6489
5700
2362
1361
7879
3846
0634
1407
0355
1124
3276
2844
6708
0236
9223
2158
8242
4855
7382
8341
7809
8592
6392
7432
3522
0316
3627
3600
9339
2209
4445
7913
0408
7221
9024
5100
2149
8340
4505
2817
6485
1915
6470
3805
9078
8758
0101
3967
6984
4884
2260
9376
1371
0134
1292
2196
9481
4544
8125
9131
3312
3165
5832
4853
1432
2251
1128
5981
7713
8785
0665
1115
8020
7050
1125
9670
6654
1935
9473
0484
4239
6343
4209
4748
7724
4414
7747
6425
2060
9611
8348
9406
9283
9828
9419
2718
0039
0904
3960
1725
4040
6043
6755
3458
2021
0629
2603
8885
8345
2989
4432
0462
2040
2733
8250
0552
6140
3131
3597
3317
3111
6424
6478
5373
4578
7228
5696
5531
2600
8550
9945
0196
8384
8719
3202
2010
7597
2151
5249
7399
0886
0027
9478
2799
8449
7138
7159
9994
9819
7096
0384
0110
3370
8854
3027
2713
7281
9950
0734
3275
8641
8735
3488
2379
5092
8545
4426
7097
2580
3988
8852
4889
8961
0577
1875
5025
8003
7264
9989
8924
5945
9159
6198
7148
0466
2131
8816
4678
5648
6099
5252
2177
5844
6080
4457
8757
6847
4648
2401
3466
5987
0802
8935
7474
3327
1704
0440
3099
9742
8691
1173
4448
6687
2536
3845
4237
6678
6514
4012
8552
8098
2880
3379
2303
1994
0573
8369
9177
8272
4732
0246
8415
3425
8326
7699
8707
3882
9049
9002
5658
9875
5880
2245
1861
9238
5026
2364
1525
4904
6612
8846
9692
1370
2411
1404
0869
5974
9486
7688
7413
4797
7483
0033
6880
1538
8710
1890
6007
5148
9328
4663
8877
7136
3429
0122
6228
4714
3037
1944
2450
5210
5998
5200
4112
7766
7640
4423
7933
2377
6669
8068
2760
8897
2568
6314
4478
4054
3124
2553
2675
5297
8161
9337
9446
2002
2882
0422
2590
0975
8230
4267
8213
4880
5308
3803
5159
6603
7623
0851
1355
0620
8754
9823
8379
3163
1091
0350
3405
8946
2330
5799
1691
1388
2528
9367
1093
4171
5095
0647
1071
3760
5502
2965
1473
9076
2702
8468
4141
8701
4228
3829
2349
2009
6164
9929
3512
8217
5458
6048
1500
0406
1632
2444
6613
5147
4487
9298
7908
2720
1862
8148
7994
8871
3129
1008
8876
3781
4494
3209
9103
8342
4140
4025
8234
4735
0009
2341
7843
0923
4908
1899
1797
8440
3549
6715
5166
7546
2370
5472
7624
5988
1652
6155
3878
9333
1914
2678
7935
9662
4554
8017
7691
8529
5088
2187
9674
2935
3189
9452
4475
4856
9022
5187
1298
6737
6727
4461
1201
3414
9787
6579
5788
4367
4823
2306
0245
2005
3363
2483
6162
3062
9802
5647
6355
9569
9771
9114
1205
4839
3863
3122
7872
4612
3298
4049
8804
6900
4366
0225
3788
0624
3748
9586
0526
0116
8664
8955
2531
6818
6564
3979
1992
0568
9618
8851
1161
1358
3161
1937
2121
5698
5168
0263
0257
2854
6180
3032
1561
7184
1698
8521
6433
4113
9685
5868
4633
9096
8363
0155
9364
2087
8146
7978
2322
2111
7805
8372
8280
0173
1207
0855
5199
9700
2814
2314
8917
2433
5316
7196
0875
9005
1430
5428
0071
9193
2108
4709
5796
0696
5741
5898
3949
0862
5099
7630
7456
0393
9542
9097
6851
4751
7728
5765
5145
7570
2815
0710
0586
9180
5310
5621
2047
3508
0544
4452
1156
3471
4291
0201
3191
2297
6610
4240
2616
3705
0595
0278
3758
5530
6176
2378
4695
5566
6173
7838
5238
2761
1486
5495
8481
6294
7851
7252
7054
4754
5233
7424
6812
7452
4440
3282
7051
2342
5855
9453
4242
8444
7617
4730
3927
5770
3147
5556
7463
9960
3709
3616
2667
5467
6472
8715
5072
7901
2506
3681
5007
7270
9469
7568
9253
3284
0487
5434
3343
7331
5108
7528
4549
6257
7890
0275
3025
6070
9663
9938
6245
7220
1949
2512
0115
2925
0154
9095
5262
9307
4198
6271
7255
7983
2828
1743
5314
5306
3944
4564
0121
0043
2148
7041
7706
7342
8538
8981
2402
9120
0277
0053
9671
9923
3645
2372
4690
1375
2407
2465
7806
5973
0998
6828
9903
3817
8524
9567
2501
0319
9163
2478
6335
1822
7337
4716
8792
2973
0388
6288
4902
0622
2840
9737
8063
4098
4334
8801
5273
1100
0847
7531
4906
1620
9642
5427
7601
9192
3139
2169
7071
5419
9157
8936
8915
8046
8164
1895
5142
7704
2092
5524
5294
2472
8099
8891
8748
1390
5756
5977
2974
0433
8611
4308
8578
8937
8334
7539
5395
2681
4785
0130
2915
6914
5947
3642
6867
0963
7443
9309
7205
8227
6589
8666
1129
0270
0985
0599
4641
1788
3278
4918
6614
1453
2335
6403
2724
8820
4425
3594
3454
4821
3273
3735
5311
3775
6438
0910
6118
6106
7222
9554
7381
2318
5994
0229
3962
6087
1827
3020
1841
5182
4032
0359
6874
2384
3215
2435
2119
1154
7545
6969
8865
0046
9921
9573
7523
9969
5579
9665
7606
7948
6898
2414
1244
4724
6210
1321
3125
6144
6213
4526
0289
3412
2668
1750
2795
6933
1132
3372
8873
3345
1528
4786
9127
7417
6652
9983
2067
8753
5189
3815
0646
0635
1270
0736
4261
3184
7529
8246
7212
2038
8623
0463
1602
0617
3971
9322
0304
7759
6151
8880
6318
7564
3844
8892
3954
3782
3532
7080
9425
3181
9992
6486
7742
6829
7326
6447
5983
9898
9627
8224
8810
9412
7133
1053
6308
2249
6877
8049
4296
5066
0496
5237
8863
9568
9861
8909
5490
3461
6170
7947
5078
1872
8238
5995
0728
7700
0216
8473
9152
0730
7173
4874
4127
7708
3509
3411
3210
6967
8587
8491
4579
8201
5019
5638
2236
0574
1238
6869
9559
2708
6024
7028
4303
7662
5256
3089
1494
3387
2159
3427
8828
0254
3233
8306
2687
3219
7558
8991
9826
6913
3049
6554
5165
2207
3182
9831
1196
4728
4689
1336
5343
7509
8290
6513
8364
4168
5929
0866
4763
8021
7986
1174
4204
7430
3599
5773
1158
0930
3431
4610
1313
9981
6859
9836
0185
1527
4190
1462
4210
3551
9719
5143
4596
0515
7721
2503
3016
0176
8196
7174
8433
7227
0381
5002
7346
7826
2905
1232
3030
9165
5667
3293
8142
0787
2043
0522
7063
9544
2393
4932
0968
7363
5827
4424
1900
2224
7244
6297
9728
0226
3997
0377
0909
5603
5487
4169
8052
2829
4014
0874
1042
3746
1975
9266
1379
7846
2305
1815
0366
4166
1026
0950
6761
3106
2542
6040
7100
2703
6975
7916
2595
2652
4835
0857
5346
6387
3302
8353
3935
9895
4174
0664
2489
0943
5046
3755
5137
4075
5424
0328
9666
4321
0532
0382
5580
5619
6394
8875
6923
3366
9059
6895
9630
7030
0072
4073
1833
0557
7678
6908
7478
7352
5833
0239
9962
9286
5202
5980
3323
2162
8637
0883
0313
3253
5511
6573
6211
8724
3724
6019
6606
1876
9299
9231
1014
1381
7061
4234
6182
7904
0686
7537
5873
1732
7209
6231
2566
1551
3564
1219
4983
5853
0490
3542
5800
0990
8677
5547
2526
0501
8580
3045
5543
0184
9462
3190
7365
2259
8933
7922
0714
6441
6377
0813
6525
8646
9247
3011
2447
5568
4284
5509
7115
3932
8486
9973
8824
5326
6311
0297
1720
6902
4258
9240
2540
2331
8133
2086
0195
9646
8879
8505
0548
3732
3861
2545
5024
4919
7697
2080
1867
1995
6532
4063
9025
4415
6632
6291
1993
7215
9301
8004
5232
9731
2848
3096
1463
3342
8336
1163
8763
2563
3622
0955
5527
8775
1385
1874
8137
1614
0066
7290
5207
9905
9255
5541
7569
1567
3950
7038
9379
2754
7839
9020
6849
2269
3130
1654
2622
9792
0703
9781
1072
2502
3307
8989
1471
8601
8742
3573
5433
8696
7170
1782
4852
5815
1834
1883
4806
4591
7058
2802
4342
4877
0266
1485
2517
0222
8429
3382
5769
1676
9413
1339
5740
0169
8573
1049
9839
9069
1588
2124
8793
4397
6952
1709
9323
1076
5307
0100
2112
8910
2238
8117
1523
8761
7344
3808
2663
3486
1092
0480
6082
6015
5482
1047
2295
5901
8128
1642
4968
5968
9604
1425
6740
5739
1208
5003
3339
2376
2853
3862
4324
3329
2428
1986
9648
0168
3473
2463
4231
1550
1810
2036
9226
1906
0766
9186
8393
2145
5694
8850
1598
2738
9740
5071
0924
4067
6243
0745
9228
9390
5122
6792
6412
1374
4383
2338
2831
0108
4335
4680
0080
4613
5673
5545
6415
5686
8282
2057
6832
0580
3467
4848
6242
0464
2096
2091
4295
4734
0495
1250
1252
6620
4037
6095
8215
2492
5309
8745
3981
2836
4410
8163
2867
0167
5920
2572
4860
9121
1990
7233
5349
7992
1733
1887
3388
0129
4008
1452
2689
2412
3517
3417
0445
8297
7271
2017
4844
3914
6520
8259
9913
5229
7161
7260
2120
2856
1346
3518
7807
2960
5479
3364
7006
3430
7633
0650
6193
2053
9956
8675
4252
0271
7124
9638
5518
7172
9467
6753
9220
2894
1763
1117
2588
2133
6735
5754
5335
4371
8120
6051
5588
5951
9530
1515
5724
9845
8651
4453
6747
4674
0602
7388
9203
1766
0008
0835
0746
8868
0308
7149
7089
3214
7336
6315
4542
5206
7736
1364
8042
7714
2397
2691
4955
8022
1131
7705
6241
7791
5116
6406
7723
6899
2777
7626
5879
9755
8596
6270
7475
2437
4547
3418
4757
0514
1237
9931
7441
0237
0683
6987
3503
8107
2698
1678
6232
6440
6359
2948
2798
0912
7341
1563
5839
7343
0660
3811
4656
5418
9375
8819
4879
2448
8650
6924
9684
9738
3985
9197
4704
8040
2361
7694
8517
3766
7710
0997
7888
0114
2317
4826
4961
1248
5160
8419
1307
8626
2439
1113
9381
9216
6063
0817
7905
4167
4989
2662
8076
5565
9925
8671
0181
0219
3839
3301
7511
6310
5042
8916
8320
7520
4200
3318
6189
1801
1280
5298
2598
2033
0165
6558
3777
2327
6790
3607
6916
9654
7657
8770
4255
8598
6234
8108
5282
7936
4005
2041
3857
5151
3770
2988
3586
6509
6968
0758
7577
6400
7004
5435
2195
8343
6764
2277
2258
9970
0162
5805
0688
6648
4130
3786
1830
1304
3793
1281
4715
7359
7999
6825
7646
2429
1487
5546
0648
5181
8994
4272
5219
6150
8514
7778
0203
3156
9641
0178
9146
7389
4760
3127
5777
5768
8519
0336
6476
5156
5826
9621
9019
4326
3675
6837
6826
2442
3598
0770
4637
0402
5287
6609
7473
8358
8441
3959
8673
0682
3134
5301
7681
6351
1579
5557
1341
5910
1064
3171
1959
5846
1271
7307
0483
2958
7975
1918
4385
6273
2336
9199
1444
4382
6178
1278
9775
8809
0290
4263
8292
2000
6544
8447
3941
0346
6025
3901
7314
4105
2949
5797
6864
3331
8546
7578
1689
5259
5300
0894
8277
6126
5284
0942
4834
4017
3904
3166
4465
0726
6639
9881
1294
5337
2168
4031
7103
7162
1740
6972
6733
4706
8103
1921
9884
6209
4543
8614
9767
9401
4264
5186
4194
6493
6521
3577
0358
3452
1948
5824
2189
9217
3450
8023
6340
9566
3281
7858
9327
8777
5170
6685
8490
0717
9200
6551
2417
2460
2725
8929
2801
2449
0718
1310
9432
2105
9383
1814
3495
4007
2874
8204
8901
2638
6268
7391
2214
1779
1259
0715
1316
3462
1130
2068
9873
9708
4563
5146
3706
8450
4419
3286
9739
5596
1065
8642
5517
0959
7248
3623
2056
3361
5551
6500
3580
3381
4359
6693
4525
7272
6749
1368
3443
1149
0324
0724
1639
2872
5848
5927
3272
8518
9100
8127
2871
9032
3759
7076
4849
2624
5984
0614
8013
5085
4561
4046
8509
3374
2333
6075
3987
3659
8609
0922
6714
5505
9162
5442
4307
8861
4529
1209
4819
4499
5605
3170
6637
7190
5128
2022
4605
1688
9128
9961
6468
7604
5852
7282
5412
6557
9455
7156
4737
5890
8165
7621
6324
8102
4520
8332
5958
4217
5959
8830
0109
1134
5370
1849
7198
0891
9948
0655
4197
0594
3595
8756
0560
0417
7461
4331
8268
8812
6348
6791
7834
2644
8053
1931
4669
9526
8534
5469
2127
5525
0025
4953
1019
4124
5375
0596
8008
4643
6046
4611
1780
6647
7618
3593
4935
9402
0030
2811
7670
1349
0989
3605
7251
4801
5127
6143
4576
1506
9712
9089
1056
7414
6398
3104
0349
6545
2656
8294
2969
2646
1120
1287
3213
5023
2382
5354
4033
3761
9036
7715
3494
9302
4309
7910
0347
9500
3421
4180
6452
9933
6830
2615
8912
9052
0782
6005
0437
0052
1850
0088
5417
3872
4248
8593
3334
8554
0772
6191
3216
5837
2018
2567
4828
9833
5924
0960
5389
7114
4392
5913
2143
5138
4911
2106
3267
1792
1214
0255
3038
0260
5075
5067
1586
2587
5641
1695
8241
7422
4979
1892
6611
1705
3606
0844
7075
7010
9424
6319
6839
3205
9650
3612
5979
9842
3288
7182
9718
2155
4729
7194
1681
9514
8314
6910
2286
4203
4832
4599
4604
3380
0520
8964
7183
6845
3666
0210
4429
6597
1078
8840
0951
7499
2280
9798
5829
1529
7142
2139
1350
5748
6284
3155
5464
1301
9507
2766
5795
8111
9378
9592
0676
5915
5139
2908
9384
0873
5022
2265
8581
2098
6706
2728
9959
4206
3121
6803
7308
5876
3858
2400
3672
3268
4317
6081
5016
8602
3108
8659
6528
4056
4386
5849
8287
5494
8658
7320
1449
7668
9906
6543
9353
6501
7903
5050
2392
9811
2533
2122
4936
1972
6646
1422
6419
4020
9675
2459
0180
0274
5347
8218
1176
2058
3704
5169
0785
1095
6599
0965
4347
8054
2665
9749
1377
9136
7856
9488
8269
8477
7974
5840
0261
1612
8634
1536
7864
2522
9359
4720
4767
9942
3965
2274
8152
0830
4250
6328
9998
4181
7932
8180
4782
2642
6171
4713
8316
7364
3064
7412
6434
7977
4119
5352
0132
9632
1033
2231
3806
0888
5734
2782
5140
9882
6508
4273
4319
3344
8252
2276
0211
1848
0159
8585
9380
5554
4545
4006
3141
9101
2199
2296
6800
4493
9104
1638
8920
1357
7727
8638
2609
6986
5329
1969
6636
2263
0419
8254
8940
7599
2125
4152
5950
9087
1044
5285
0486
5334
5101
8968
3993
1539
6436
5948
0821
8974
9548
9768
1227
8093
7592
9010
9848
3211
5364
1671
1723
8439
2987
5798
8335
7666
2923
9403
0775
0106
3538
8355
1436
4066
8749
7767
2608
8183
8693
4573
6662
4186
1939
2709
7939
6114
9506
9812
4058
3289
8536
4068
0767
6157
1001
2270
7294
0795
5399
4701
5084
9326
3921
2001
0970
7929
4718
4082
6860
6696
8607
7711
9653
8800
9726
7429
0882
7958
2938
1558
9111
4479
0697
6944
0885
6992
6506
2790
7965
6474
0120
4085
6401
0610
3902
6835
0623
6904
9870
2559
8814
4062
4667
4083
5908
0831
7464
7689
3012
9320
5618
6388
3891
4458
5640
9551
0639
0946
2631
9995
3620
7769
7263
3544
0752
0012
7333
3265
5813
4616
7544
6009
9091
6376
3400
5074
9074
3319
3481
8007
9051
5772
9477
1109
6588
3654
8848
8155
8523
6133
4279
9037
9306
8958
3906
4700
6871
4285
5422
4498
6444
4074
0230
5938
2023
0019
1070
8672
9394
1919
7378
1954
1199
8193
7887
5004
2550
5842
0865
4962
2320
5870
4651
9706
8106
1228
5211
5489
2416
2534
8694
0498
4945
8077
6982
9855
2808
7154
6296
0231
6605
9058
9033
9589
6165
4289
7931
1482
1328
6548
6980
1747
1554
5843
3402
8504
4490
0521
5845
2715
9209
5445
6219
8299
2138
3259
9046
4403
3340
5470
9572
0341
1365
3638
0956
9429
7122
0707
4215
2861
9765
7418
1048
1101
9166
4915
1309
4958
2749
8397
2851
3926
1484
2889
6426
3208
2028
8610
3484
9704
7937
5438
3359
7981
5119
1622
5251
8615
0971
4179
1496
1229
8035
8789
2193
8464
0076
7754
1566
0741
5141
7312
7289
2805
0104
6688
4590
5687
3922
2253
2406
5320
7066
3820
4220
6494
8368
4136
0798
0177
0778
1965
2160
5631
6374
9290
4370
3550
0754
2742
1865
2146
2116
5992
9227
9805
4345
7165
7661
4514
7603
6850
5120
6146
7934
1299
4873
0375
5225
9620
4163
1263
7426
7187
0456
7653
3631
9079
3712
0163
8160
7318
8959
1326
5450
3325
1155
9185
9427
1572
2716
8475
7280
2099
4080
6290
4691
6756
2717
8392
3146
1910
6443
9649
4535
9485
4881
4623
5452
7938
1857
0797
7847
3480
8582
2556
9847
3143
5362
5179
3635
6421
2366
4978
1846
4084
3693
8698
5884
4379
7982
7613
6103
4805
0240
0545
7610
5061
9198
6503
1984
8967
8579
1522
5223
7492
4153
1455
2881
7372
5068
1592
5248
4101
8622
7911
3731
1666
0267
0409
6261
0991
0391
9668
9072
2030
8956
3353
6356
3280
6999
2762
2140
5583
2218
5328
0658
9342
7301
3571
6027
5192
7584
3836
1082
1532
4630
6674
9975
3998
6056
9825
8774
0739
2486
4815
7442
9335
0215
2284
7914
7106
1384
0720
7330
6458
6945
0762
0449
4817
7334
7527
1784
3160
7253
8559
6008
2710
9652
0856
9243
0969
3392
6276
1829
1821
9497
8356
9263
4965
2198
9927
5031
7745
1464
6559
8078
9779
3348
8730
9241
8705
0404
1713
6815
7237
4357
9482
3470
1781
2902
6901
4332
0001
9348
5178
3221
2061
8179
4201
7501
5461
6402
4150
8118
0488
9075
7048
3014
4693
2664
6344
1879
7008
9149
3204
5065
4523
3206
4802
1564
6998
8831
1796
5732
8859
1663
5573
7772
5043
2701
3469
1618
7649
1243
2097
1105
3330
3754
9902
7788
2103
8041
0581
3451
1145
5030
0808
3716
8391
8925
6563
6894
4243
4402
7734
5081
6698
2990
8711
0353
5446
4699
6893
5656
6059
8943
2467
7229
2594
2918
4053
5124
7457
1474
4170
5990
5488
0500
0454
9088
7835
5632
3306
5535
8199
6929
7781
3795
8367
7556
5397
2481
4970
7898
5246
2885
2006
1296
7127
4288
4396
6879
8685
7224
8188
6863
1644
3968
3192
4708
7037
1004
4924
9386
5943
7018
2562
2721
8029
3063
1885
4739
0852
8016
4799
8182
4946
4434
1911
9377
9955
5379
1168
7875
2461
3934
1568
5793
5747
3051
6502
0627
0003
5367
9821
1022
5381
7783
9660
7021
8680
3640
5483
7488
4551
4655
2073
1470
1746
0307
0789
5226
4930
1401
9218
0435
3399
0321
3905
0477
8382
5701
7804
0958
4199
6321
0666
8629
9487
3799
0505
0416
7433
9686
9746
3679
4154
7367
4315
5750
3936
6244
8194
9448
0285
6905
4939
5069
0060
9716
2325
3543
0065
0403
6172
3493
6119
1408
7798
3515
1694
1889
9993
2659
3337
7315
0589
8542
0945
3384
6495
3859
3830
7505
5726
2565
6657
2903
6300
4836
5688
8005
6221
6037
4121
2613
4891
4595
0407
2530
5836
6093
3476
3424
2324
3539
3530
6222
0022
1186
5359
9986
2694
9347
2466
1102
0983
1403
8442
5969
0561
8986
9536
2830
5786
4661
5762
7854
2758
1277
7295
0036
5991
4205
7056
6130
8755
3244
3641
3154
1362
7976
3084
2625
1295
4636
8088
5374
5604
5683
1325
0253
9727
2477
0058
7593
0295
4533
8984
0390
4051
9813
5540
6560
5044
0414
1169
1426
3091
3567
1069
6659
4102
7855
2332
9125
5633
5423
4608
6731
9503
9261
0368
5150
6595
7085
0119
8495
4863
7671
0335
7760
7230
7612
2206
9250
1032
0906
8594
6138
9808
0788
3460
9027
6004
7169
2821
2551
7753
4506
7732
7641
9899
9615
1946
3553
0098
2161
2986
2780
2578
2137
9009
4406
6821
0695
7995
0400
0113
7175
9213
2873
3069
4665
9531
7472
4664
5478
8018
2515
3630
9196
3736
9205
1773
4804
2981
9276
1020
7401
2019
6168
7555
2078
1512
8539
7408
4106
0029
8123
4297
9622
8085
3779
7186
3671
1220
4325
5040
7040
1275
8251
4628
6633
0208
4941
0684
0839
3682
4660
6634
3294
3652
9356
4449
6541
5371
1748
9444
7152
6962
0326
1467
3367
3639
6690
1574
8678
8235
8065
7942
6071
8703
8895
1443
1701
6339
3810
2468
0064
9021
5784
3410
0632
7552
1603
7421
9294
6247
6058
1660
9774
0582
7074
3990
2672
8541
2833
5339
1817
8867
1303
9119
1352
4161
8245
4868
6256
6030
8451
1616
7059
2107
4841
9750
8286
2383
8988
3821
1490
9181
0234
3482
5702
9752
6124
9578
1719
9040
0021
6223
8864
3041
8019
9659
2928
9760
8557
9519
5153
7619
8239
7373
5333
9603
1068
5161
1337
8172
3818
6010
6824
9179
7386
3531
5606
9868
5719
1257
6358
2032
3310
6251
4515
8815
9341
4696
9349
0138
8260
2188
8999
5270
1730
2847
2912
6748
7690
4502
2282
9594
4287
7815
8500
2347
2620
1802
2838
5617
0667
0306
4602
0041
9678
0713
2422
0791
3502
5946
2476
8493
9511
2365
5324
7111
8979
1226
5051
7101
6507
4001
4107
5184
5727
0055
7211
5255
1690
3720
3229
9565
1712
6184
8214
6814
4951
4882
3255
4094
9546
5288
4078
3504
5718
0921
0939
7029
0662
5008
8423
3238
4775
3507
6848
8760
6911
6959
5752
8985
0502
1203
7889
7434
8114
4358
5257
6338
4773
3034
8768
2186
3916
2781
4925
8291
7849
3346
8352
0093
8420
2618
2816
6202
0054
7427
0671
6054
1143
2352
3651
0073
3978
4207
9837
2649
5789
6267
3321
8834
9647
6655
5835
0756
5240
4413
8636
4521
7203
0801
8425
8869
9890
2283
6670
5882
5503
6329
5597
6766
3463
0824
5712
8941
7923
1818
7158
5674
4134
1864
5894
5582
8374
6896
3710
9035
5253
1770
2544
2029
0068
1790
9031
2130
7277
6820
9571
5508
5749
9449
7717
2072
4218
2163
1604
4454
4765
5292
2976
9634
8330
2312
4792
5459
7672
4318
5532
7125
9997
4777
2050
8668
2809
7447
6516
7091
3094
2546
7242
8689
6568
7102
7411
5794
4634
4824
2585
9319
0056
9751
6547
1578
4635
2473
3816
3769
7110
8884
1540
9943
2048
5323
4103
0929
8731
3807
7033
9564
3428
0272
5782
8716
3178
7785
0538
3690
3269
8031
3719
0472
9374
5919
8185
9460
3033
0105
2240
8870
0427
9822
0363
5634
3778
9191
0727
7256
5569
5625
3952
2612
6977
4100
6000
4539
0933
9886
9237
1177
4791
4157
6372
0125
1926
8620
2202
8024
7123
7325
8337
6250
5247
2285
3747
2016
6713
2264
1286
9780
3667
6578
9537
3827
0015
2446
3132
0926
4854
5473
8082
7572
2899
3963
1768
5098
6427
5154
9142
5916
4565
2025
2855
4762
3791
9314
1831
0142
9081
1594
9729
2723
0689
2064
8860
1121
5264
2172
7284
4940
1267
7625
5934
7867
8073
6534
7420
7120
0931
0529
7780
7716
4111
3831
8154
1844
1005
0062
2627
2770
5875
2653
4476
4686
2959
5468
2879
6097
9065
3701
9698
4395
5586
0729
0748
9624
5699
0475
5073
3250
5047
6617
3448
2354
4740
7895
4916
3145
8071
7764
6451
7871
6591
0018
8487
6873
7450
5642
2671
8236
1856
0793
9733
1653
7283
0476
6488
4885
2751
0962
3485
5261
2628
6497
0396
0957
5020
9338
3332
8896
5728
3687
3776
6295
1685
6915
8599
2074
1499
3102
6887
2123
1519
4721
7583
4208
0914
6691
6423
2451
7479
7448
6705
0811
8067
3081
1657
8881
2228
4316
8533
6001
2736
5598
7288
1427
8532
3561
3009
4323
7247
5999
6110
2626
4895
7017
5838
0706
8987
7740
7262
6939
7189
6039
7988
2982
8838
8385
2862
8740
0601
1272
8412
3841
5366
4914
9608
3248
8670
6383
2837
3003
6769
5923
7241
5215
2571
2647
4503
2983
0902
8264
4974
3856
8075
7235
5436
5900
6259
6878
4896
7245
7176
4575
2940
0631
3707
2242
7685
4422
4236
7959
9004
5313
8329
2045
6422
0394
4894
0606
9150
1188
7231
4995
2319
7877
3008
6947
5820
5407
6788
7816
5526
7000
3167
1624
2750
9529
2363
0337
2998
0900
7191
0764
3854
1454
1863
9864
7034
5123
1268
9723
3797
3995
9889
6064
1383
5426
7437
0468
8145
8898
6504
8665
1457
1700
3930
7829
4640
1468
1924
9829
4541
3188
6876
4268
3554
7574
9077
0699
3097
5006
1150
3407
9508
4191
7588
1562
6584
9513
7095
6881
5966
4123
4959
4477
5828
5102
6572
2610
0517
4702
9614
6381
8313
3483
7945
6327
2410
8621
9757
4957
8033
0103
0150
1217
1060
9254
7458
8827
2789
2752
5561
7677
9912
1716
5819
9229
2388
8396
4990
5105
7362
7327
9867
9472
1394
8087
2113
4029
2419
9553
8454
0102
9782
0590
5607
2679
3304
8799
8186
6159
6264
1246
9806
8663
4538
4769
5865
6361
7784
1559
0897
6330
7673
1584
7884
3126
8105
5280
3270
4606
0911
1755
4118
2246
6656
3763
2732
3572
1631
3019
1450
9303
0554
2153
1549
7393
5136
2944
4794
4132
0250
7073
1962
0628
9796
5377
6117
2237
7322
1929
9557
7013
2267
2924
0993
9495
9202
8386
7407
7629
7487
2256
9687
1405
6754
3812
7674
7119
8426
0330
3727
3285
7695
7471
5520
6608
4997
4343
1672
5327
0051
5562
4042
8923
9094
6430
2670
2630
0365
1380
6875
6282
1409
2453
8736
9362
2806
5534
3198
9711
2035
2513
6660
8365
8589
9919
8648
1627
9232
3336
6784
2776
0536
6445
2220
1297
8655
5553
5986
8167
9451
8304
2547
5393
0331
7800
7226
0840
3713
1556
5239
3762
5660
3662
7087
8289
5129
4446
3984
9334
8318
8686
8485
5391
1279
9953
2900
4993
1641
2606
5957
2042
2491
1141
1724
4850
5722
5028
8489
6616
5593
9172
4036
6870
2735
1157
6710
6240
8178
1037
5970
4731
6464
0889
8312
3279
0611
7598
6842
2640
4400
0412
6112
0858
0458
1318
8934
4050
2979
2650
7481
3077
6759
9709
9122
9014
5767
8790
2184
6672
9908
6414
8472
4650
7967
8568
7536
9464
4314
3226
1843
0508
7177
7298
1960
5444
0625
2939
6515
7832
8644
3785
2225
0179
3660
5504
3175
5725
6675
7541
5214
4245
8181
1167
8084
0301
0534
1398
4867
5780
1531
0235
9153
1235
5330
7217
0166
3742
9397
8712
7423
5952
1951
9204
5208
8829
1870
8752
2688
2109
6752
8498
8970
8153
1094
4064
9791
2579
5717
6017
3057
3874
2730
3070
7758
1062
0608
8237
4862
0992
7116
7297
1633
1932
8305
0092
5196
1399
8904
7892
5448
0549
5012
5655
8058
3031
2229
7830
5721
0146
1107
8667
7031
9801
1699
1013
3258
2197
8079
3843
5011
9558
9167
2291
1894
0342
4518
2910
7553
7164
8438
4155
5465
4120
2278
5602
5055
9525
3225
9182
3203
8654
0615
6325
8762
6453
8298
7503
1412
2933
4793
8729
7276
6694
3465
4099
4302
2066
6137
2697
3980
8086
6461
6991
6442
3074
1758
2147
9279
3698
7109
5610
9697
3610
3295
9599
0721
4969
3174
5713
7380
0256
6052
5451
2769
2870
8399
3083
3680
4241
5841
7332
3004
2607
2304
5636
5729
4405
7453
5034
8405
0784
6966
9387
7514
4646
4530
8645
2519
1052
9985
2353
7090
9151
8942
8319
4418
3054
0763
0446
1429
2499
6246
3614
2543
6810
6763
8786
2156
8324
2636
8833
4035
0399
0944
5053
2783
0479
6446
4420
4766
3562
1570
5230
7659
3117
8416
7062
3254
9006
1406
1386
0356
3867
2514
5000
7502
4907
5714
8048
0825
5533
6717
3442
2493
6431
2166
7991
2426
8211
7374
5591
0443
8709
8283
8795
9609
1245
4435
7012
3144
4442
7317
4354
1670
5589
3887
0081
1826
7419
2337
4685
6529
7261
5331
3822
1543
4184
3691
1393
0174
9408
7179
0284
6724
0091
6084
6950
3511
1165
8309
0953
1908
8059
4373
3128
4913
1200
0814
2013
5515
8090
7023
0571
3958
2611
9741
4676
3880
7181
5093
6567
9354
2686
2655
5032
9102
5321
9430
6050
6882
3883
7043
5682
0796
5398
2110
9964
1987
7506
0656
1808
5623
1112
7465
9509
6057
0097
2677
2012
8695
1706
3702
8437
6631
8488
2930
1372
2577
4337
0916
2219
6230
5670
9690
2223
9012
2842
9475
3931
9034
0613
4875
5536
1495
4670
1983
3116
1172
4233
9382
2454
3629
5936
2374
8482
4362
5382
4582
0583
2683
3570
0170
0853
9443
0131
6641
6116
9442
5711
4878
5497
3674
6645
4909
9212
7068
8906
0575
4039
9251
6767
2818
9304
4173
1239
1651
0716
6635
2418
0118
6028
7476
6289
5289
8501
2661
8746
3765
8187
7394
4555
5872
4822
1189
1683
7489
7968
3194
6683
9235
6353
4444
2181
6995
6666
5234
7563
7128
5678
6262
4921
3371
8835
5305
9360
9545
5462
3464
7971
7591
2995
8110
0507
6298
0415
2475
0199
3098
3403
2942
5850
6808
9619
4601
4982
9669
9352
7303
0539
9555
7590
0094
9099
8978
6006
6404
4089
5198
2405
8565
9677
2722
7586
1955
7990
2909
6287
8169
1434
5710
6088
1418
1982
6166
9105
5904
0467
2583
9858
6174
7596
6255
5785
0649
6214
0867
3457
3398
7779
6181
4620
2602
3718
5204
0657
3837
2796
8759
4026
5480
0148
6732
1866
0645
8131
4842
4694
3790
7786
8387
5847
1210
0845
6522
9351
5188
0810
6539
7216
3828
9396
8492
4812
6456
5539
4644
6362
2803
1265
7813
0540
1230
4512
0302
8115
6286
2268
1745
7963
4967
0034
6667
5757
9287
3591
9788
2621
9041
9887
4948
3780
0423
0340
0551
3579
6798
2584
4681
8643
3341
7002
4504
5985
4825
1650
8176
4251
0848
5925
2819
7960
5357
5831
3092
5613
1680
1904
7249
7842
4813
7022
9631
6625
5194
2505
4531
0344
2114
5376
6149
1737
4088
6085
1607
0273
9173
6490
3557
5015
4614
1714
5715
8628
8914
9951
4857
7328
4560
5500
6827
9527
1345
6204
1977
4160
5082
9596
3377
5177
1560
1840
6531
3395
2443
6770
6553
9428
3314
5677
9784
6650
4723
6736
4548
8317
5816
8170
4883
5162
0459
1728
6449
3013
1116
3085
6936
0087
1514
6978
4937
1917
9262
6861
0247
5931
0518
7665
6096
2835
3559
3800
5009
7844
8346
5293
7069
1043
4755
8156
2301
3964
3351
2897
2729
1886
4072
1912
2676
7752
0740
3200
6809
0948
6823
8907
5414
0252
1363
8700
2753
8434
3946
4002
0395
2839
5144
4980
5411
2824
4942
2500
7648
6312
4226
6061
7792
4977
7996
2062
7789
8344
8849
6730
0709
1726
4360
3007
5408
4439
3626
9693
9893
8471
3119
1786
6695
0485
4513
3866
6018
0186
2239
9246
0652
2834
2348
6484
5319
0451
2090
4999
9028
6226
8497
0024
4987
8150
2438
6233
8143
6367
4137
9435
2845
6200
8410
6382
9815
7516
7946
7547
4516
5955
2759
8192
1344
6638
1097
7444
5356
0654
2552
0533
4313
7092
4677
1537
4484
7852
3798
0189
7532
8690
5669
3608
0280
7167
0020
6711
3584
4926
9066
2680
1151
7634
3928
1541
1761
5277
3695
3910
3362
0977
0050
7642
9790
3526
0685
0543
8997
1925
7605
7576
8544
3636
3404
9447
9932
0553
9853
2275
0430
5134
1110
6496
9759
3733
2529
5652
4193
0218
4818
2643
8826
7192
6738
8139
0773
4587
8080
1376
2243
0175
1645
3625
8725
6299
1144
0299
3453
6129
4096
2136
1191
4399
3105
2409
9924
5344
0312
3079
9248
9399
9547
0182
9807
7909
4901
2279
8975
6317
5918
4673
7719
1367
3992
7296
0095
9785
9783
4600
1575
7494
2772
2311
4617
9702
9838
5033
3360
7859
8553
0265
8520
6128
7436
1646
3157
0907
8244
8564
0383
1273
9922
6925
0541
7984
7549
2953
9313
2094
8001
1968
2104
1218
4905
9137
6540
5112
9454
3389
0837
7636
5254
0859
0426
7083
2746
5774
3222
0899
1465
6518
7616
5932
0584
5404
7500
4642
0887
2368
3423
8949
8821
2920
2548
5695
5953
9368
5369
4956
0616
9311
3632
4536
4753
7818
7953
4653
3197
4749
7135
2539
3824
0197
6786
5659
8256
9550
8380
5197
9496
9616
9083
7733
5224
9643
3103
7757
8089
0976
3903
8232
0913
7748
2951
4459
5498
3663
8383
1348
7526
0768
2077
6462
1777
7680
3757
4534
7310
9846
9411
4469
5456
6651
7886
4430
0769
9754
8531
0512
1066
9013
9391
7794
6941
6074
8576
0362
1215
1590
2490
7848
7395
1649
9539
4649
5821
4778
3290
9710
4061
2434
4254
6307
0565
9888
3898
7810
6619
2390
7150
4557
0761
2083
6136
3055
4391
0360
2690
2692
0047
0192
3547
3338
6644
4770
4232
1415
7313
4408
3940
1548
9762
3657
7225
8430
1966
8995
0918
4346
0461
1437
5236
2971
9909
1051
9843
8558
1608
4015
2557
2144
7667
8503
0153
6594
0864
4384
2255
6345
3833
9085
8496
8732
3474
8681
1389
9170
1133
1258
0872
1765
8055
7701
6134
8926
6677
6248
0537
9129
8574
6843
2846
8220
7749
0493
8072
1136
0357
4947
7486
5209
7575
9407
0077
0489
7776
6771
1957
1305
2241
6912
1197
7860
9636
5228
1481
2570
6293
2964
6156
5110
9688
2825
7533
9026
1356
4151
1891
8175
9053
1329
5514
1034
9814
8270
7376
0281
5183
3909
0086
3433
6844
5891
2203
7451
9958
6973
5651
5859
4265
6618
0903
6236
5997
4148
0283
6974
5512
9582
6370
2391
8894
6971
7446
5157
3177
5825
5907
9560
6964
5861
2684
9916
6373
9277
7845
1212
3745
5103
9318
7462
2495
3287
9827
6101
1106
7735
2858
9562
9188
2705
6741
5975
1315
5592
1448
2601
2832
0570
2926
4589
7560
9330
3352
3505
0276
4353
1035
3664
6481
7615
0896
3373
6581
0032
9363
7768
3095
0644
5775
3201
8704
3650
0067
6491
5665
3578
1192
9860
2931
9126
8349
6919
8803
8513
5492
5317
6797
1736
4087
6023
1333
8443
4607
6322
9160
3193
2250
7831
5342
7793
3851
4277
9625
5109
8311
4375
2287
7032
1010
6498
6760
6450
4624
4556
0973
0949
8951
0156
1442
6985
1221
0457
1880
6265
3850
6734
5274
9949
8794
3685
1816
9147
9450
9595
7650
9946
9717
5822
0471
4944
9064
7390
0702
3137
5637
7206
0194
8624
6799
9869
5463
8836
6853
7104
3447
7385
6066
5079
7542
1414
2654
7300
2919
1805
3475
1011
7180
6822
5476
5662
0288
5529
4030
8424
9225
5877
1542
0061
0145
7915
2234
2469
3587
3920
7902
7926
7319
8360
4780
6575
4684
6323
9268
3220
7866
1075
3726
0687
5345
1029
7562
3368
2440
5690
7355
3715
1636
0642
6523
1153
8996
1431
4626
8948
5027
9310
5441
1469
1508
0928
3583
7246
4621
7001
8240
3142
5738
2876
0917
9816
5537
1823
2994
0014
4045
7637
1476
2217
5258
8112
4443
7495
2367
5096
7497
8359
9400
8639
1466
4159
4298
6154
2226
6537
2748
5523
1674
8899
4972
5338
6260
1718
4299
1521
5384
8980
7857
2524
9834
1898
6077
0952
7455
9284
0669
6467
7082
0563
6857
1577
9264
5692
3479
8457
3015
1820
2582
5549
5149
8281
1905
0982
1854
4976
9291
0351
9667
5703
5477
6742
8808
7828
8381
9084
9966
8525
4018
7491
6942
6021
2957
5544
2807
5291
4327
0063
0663
1675
9358
2328
8606
5190
8248
6957
0504
8776
0794
1021
4275
7627
5440
6722
2745
9803
0708
7622
1138
9699
0323
7265
1832
6175
0352
8253
2810
8070
9639
6527
5528
3018